 0 0      0.0     0.0    0.0     0.0  
 0 1 -29556.8     0.0    8.0     0.0                                  
 1 1  -1671.7  5079.8   10.6   -20.9                         
 0 2  -2340.6     0.0  -15.1     0.0                         
 1 2   3046.9 -2594.7   -7.8   -23.2                         
 2 2   1657.0  -516.7   -0.8   -14.6                          
 0 3   1335.4     0.0    0.4     0.0                          
 1 3  -2305.1  -199.9   -2.6     5.0                          
 2 3   1246.7   269.3   -1.2    -7.0                             
 3 3    674.0  -524.2   -6.5    -0.6                             
 0 4    919.8     0.0   -2.5     0.0                             
 1 4    798.1   281.5    2.8     2.2                             
 2 4    211.3  -226.0   -7.0     1.6                             
 3 4   -379.4   145.8    6.2     5.8                             
 4 4    100.0  -304.7   -3.8     0.1                             
 0 5   -227.4     0.0   -2.8     0.0                             
 1 5    354.6    42.4    0.7     0.0                             
 2 5    208.7   179.8   -3.2     1.7                             
 3 5   -136.5  -123.0   -1.1     2.1                             
 4 5   -168.3   -19.5    0.1     4.8                             
 5 5    -14.1   103.6   -0.8    -1.1                             
 0 6     73.2     0.0   -0.7     0.0                             
 1 6     69.7   -20.3    0.4    -0.6                             
 2 6     76.7    54.7   -0.3    -1.9                             
 3 6   -151.2    63.6    2.3    -0.4                            
 4 6    -14.9   -63.4   -2.1    -0.5                            
 5 6     14.6    -0.1   -0.6    -0.3                            
 6 6    -86.3    50.4    1.4     0.7                            
 0 7     80.1     0.0    0.2     0.0                            
 1 7    -74.5   -61.5   -0.1     0.6                            
 2 7     -1.4   -22.4   -0.3     0.4                            
 3 7     38.5     7.2    1.1     0.2                            
 4 7     12.4    25.4    0.6     0.3                            
 5 7      9.5    11.0    0.5    -0.8                            
 6 7      5.7   -26.4   -0.4    -0.2                            
 7 7      1.8    -5.1    0.6     0.1                            
 0 8     24.9     0.0    0.1     0.0                            
 1 8      7.7    11.2    0.3    -0.2                            
 2 8    -11.6   -21.0   -0.4     0.1                            
 3 8     -6.9     9.6    0.3     0.3                            
 4 8    -18.2   -19.8   -0.3     0.4                            
 5 8     10.0    16.1    0.2     0.1                            
 6 8      9.2     7.7    0.4    -0.2                            
 7 8    -11.6   -12.9   -0.7     0.4                              
 8 8     -5.2    -0.2    0.4     0.4                              
 0 9      5.6     0.0    0.0     0.0                              
 1 9      9.9   -20.1    0.0     0.0                              
 2 9      3.5    12.9    0.0     0.0                              
 3 9     -7.0    12.6    0.0     0.0                              
 4 9      5.1    -6.7    0.0     0.0                              
 5 9    -10.8    -8.1    0.0     0.0                              
 6 9     -1.3     8.0    0.0     0.0                              
 7 9      8.8     2.9    0.0     0.0                              
 8 9     -6.7    -7.9    0.0     0.0                              
 9 9     -9.1     6.0    0.0     0.0                              
 0 10    -2.3     0.0    0.0     0.0                              
 1 10    -6.3     2.4    0.0     0.0                              
 2 10     1.6     0.2    0.0     0.0                              
 3 10    -2.6     4.4    0.0     0.0                              
 4 10     0.0     4.8    0.0     0.0                              
 5 10     3.1    -6.5    0.0     0.0                              
 6 10     0.4    -1.1    0.0     0.0                              
 7 10     2.1    -3.4    0.0     0.0                              
 8 10     3.9    -0.8    0.0     0.0                              
 9 10    -0.1    -2.3    0.0     0.0                              
10 10    -2.3    -7.9    0.0     0.0                              
 0 11     2.8     0.0    0.0     0.0                              
 1 11    -1.6     0.3    0.0     0.0                              
 2 11    -1.7     1.2    0.0     0.0                                 
 3 11     1.7    -0.8    0.0     0.0                                 
 4 11    -0.1    -2.5    0.0     0.0                                 
 5 11     0.1     0.9    0.0     0.0                                 
 6 11    -0.7    -0.6    0.0     0.0                                 
 7 11     0.7    -2.7    0.0     0.0                                 
 8 11     1.8    -0.9    0.0     0.0                                 
 9 11     0.0    -1.3    0.0     0.0                                 
10 11     1.1    -2.0    0.0     0.0                                 
11 11     4.1    -1.2    0.0     0.0                                 
 0 12    -2.4     0.0    0.0     0.0                                 
 1 12    -0.4    -0.4    0.0     0.0                                 
 2 12     0.2     0.3    0.0     0.0                                 
 3 12     0.8     2.4    0.0     0.0                                 
 4 12    -0.3    -2.6    0.0     0.0                                 
 5 12     1.1     0.6    0.0     0.0                                 
 6 12    -0.5     0.3    0.0     0.0                                 
 7 12     0.4     0.0    0.0     0.0                                 
 8 12    -0.3     0.0    0.0     0.0                                 
 9 12    -0.3     0.3    0.0     0.0                                 
10 12    -0.1    -0.9    0.0     0.0                                 
11 12    -0.3    -0.4    0.0     0.0                                 
12 12    -0.1     0.8    0.0     0.0                                 
